100
0 65 18
0 5 27
0 92 20
0 47 16
0 91 17
0 7 8
0 66 18
0 16 8
0 28 18
0 41 13
0 98 8
0 2 15
0 27 21
0 67 6
1 2 9
1 14 6
1 42 16
1 74 26
1 99 23
1 57 14
2 76 20
2 3 28
2 4 13
2 86 10
3 69 26
3 12 8
3 16 8
3 66 26
3 86 11
3 96 18
3 62 23
3 50 8
3 61 12
3 85 16
4 23 15
4 11 29
4 19 13
4 53 11
5 74 15
5 54 26
5 62 20
5 73 10
5 53 10
5 96 18
5 34 20
5 28 20
5 67 13
5 25 6
6 29 16
6 20 13
6 73 22
6 1 13
6 16 18
6 47 7
6 56 21
6 67 22
6 82 29
6 14 11
6 83 6
6 38 10
7 77 17
7 81 13
7 89 8
7 90 7
7 79 29
7 83 18
7 72 22
7 97 9
7 82 29
7 71 13
7 75 11
8 21 14
8 83 21
8 49 9
8 30 13
8 90 28
8 91 7
9 12 10
9 61 17
9 13 5
9 50 10
9 76 13
9 39 13
9 65 29
9 51 16
10 83 9
10 73 12
10 5 11
10 20 29
10 59 9
10 9 14
10 4 19
10 60 13
10 70 7
10 0 20
10 24 8
10 68 13
11 90 23
11 27 13
11 81 27
11 15 11
11 58 25
11 55 26
11 16 16
12 31 9
12 34 14
12 72 13
12 60 11
12 15 20
13 52 18
13 5 12
13 78 13
13 16 19
13 29 12
13 19 18
13 41 17
13 36 15
13 1 8
13 14 11
13 20 23
13 32 14
13 6 28
14 21 22
14 37 17
14 32 28
14 31 10
14 19 8
14 5 24
14 70 14
14 56 9
15 40 24
15 98 16
15 71 23
15 62 13
15 9 8
15 65 20
15 19 27
15 97 24
15 18 19
16 24 21
16 15 8
16 2 22
17 74 14
17 40 19
17 67 10
17 65 5
17 32 5
17 85 18
17 3 19
17 46 8
18 38 12
18 67 22
18 74 28
18 41 6
18 32 17
18 53 18
18 44 17
18 2 27
18 22 15
19 3 6
19 86 6
19 52 29
19 26 26
19 59 8
19 79 7
19 36 7
19 69 14
19 38 22
19 17 9
19 14 21
20 50 23
20 17 9
20 0 26
20 79 22
20 29 7
20 74 28
21 6 22
21 66 23
21 45 9
21 43 29
21 23 12
21 96 25
21 48 21
21 60 28
21 88 7
22 98 20
22 57 7
22 96 20
22 23 11
22 63 25
22 35 6
22 75 29
22 21 16
22 66 12
22 18 19
23 96 10
23 74 16
23 18 9
23 1 18
23 39 26
23 33 10
23 81 20
23 60 23
23 3 5
23 35 6
23 48 22
24 31 6
24 43 18
24 87 18
24 89 7
24 32 12
24 5 20
25 15 7
25 32 11
25 13 5
25 54 27
25 57 17
25 4 10
26 63 17
26 23 12
26 69 8
26 10 21
26 22 8
26 60 8
26 74 21
26 97 11
26 19 23
27 90 28
27 55 7
27 79 11
27 83 17
27 82 15
27 45 28
27 99 12
27 5 6
28 52 16
28 79 15
28 98 21
28 47 10
28 27 26
28 41 28
28 77 21
28 8 19
29 39 15
29 23 20
29 19 24
29 30 29
29 15 23
29 33 25
29 6 13
29 34 17
29 83 18
30 39 29
30 53 13
30 15 19
30 50 20
30 88 19
30 40 15
30 44 16
31 66 25
31 23 20
31 8 22
31 68 12
31 85 5
32 23 8
32 98 8
32 22 15
32 97 19
32 73 11
32 41 16
32 6 14
32 12 11
32 31 27
32 26 11
33 52 17
33 2 26
33 88 23
33 48 18
33 75 10
33 10 7
33 53 25
33 54 23
33 61 26
33 32 26
33 31 18
33 23 20
33 66 14
33 38 6
33 28 25
33 92 26
33 14 10
33 76 9
34 14 12
34 48 24
34 74 8
34 24 24
34 56 23
34 36 28
34 95 17
35 87 27
35 70 13
35 5 11
35 81 15
35 33 9
35 43 6
35 13 11
35 16 26
36 97 11
36 21 15
36 7 10
36 37 8
36 42 28
36 49 19
36 53 10
36 60 15
37 0 25
37 25 14
37 46 7
37 34 28
37 96 17
37 69 29
38 24 26
38 46 12
38 83 23
38 61 26
38 58 15
38 89 29
38 88 12
38 3 17
38 8 12
38 66 14
39 32 18
39 62 18
39 19 11
39 80 22
39 74 29
39 5 5
40 9 22
40 16 12
40 6 18
40 88 6
40 80 5
40 32 14
40 71 20
40 52 22
40 25 27
41 26 16
41 68 27
41 27 15
41 84 20
41 16 29
41 44 6
42 40 5
42 50 12
42 45 23
42 64 24
42 17 24
42 53 6
42 93 25
43 75 20
43 91 18
43 7 25
43 32 20
43 16 5
43 85 24
43 47 5
43 37 13
43 60 9
43 98 9
44 79 24
44 89 26
44 36 8
44 4 25
44 65 25
44 95 27
44 81 19
44 22 29
44 90 17
45 11 19
45 82 5
45 8 19
45 15 29
45 48 26
45 43 8
46 11 24
46 88 6
46 85 14
46 81 22
46 96 22
46 53 14
46 83 15
46 3 9
46 2 24
46 5 12
46 93 26
47 85 25
47 12 29
47 36 16
47 33 20
47 29 24
47 4 21
47 7 14
48 3 28
48 87 12
48 52 7
48 44 24
48 71 6
48 46 26
48 37 10
49 40 19
49 43 19
49 4 28
49 89 20
49 59 17
50 45 15
50 76 21
50 51 10
50 13 20
50 77 11
51 44 13
51 91 21
51 67 19
51 20 5
51 80 26
51 17 10
51 42 24
51 1 6
52 81 23
52 14 26
52 40 27
52 26 18
52 84 12
53 19 12
53 68 13
53 3 22
53 71 5
53 22 13
53 65 8
53 20 20
54 37 23
54 7 10
54 92 22
54 0 15
54 81 29
54 41 12
54 99 23
54 46 19
55 67 16
55 87 12
55 88 25
55 25 11
55 4 20
55 21 13
55 93 26
55 19 14
55 14 7
55 49 19
55 45 25
55 46 20
56 43 21
56 81 28
56 95 6
56 53 12
56 28 20
56 58 14
56 27 24
56 13 23
56 16 18
56 41 22
57 37 13
57 59 13
57 84 23
57 91 14
57 63 14
57 66 18
57 24 13
58 39 7
58 94 15
58 14 7
58 51 7
58 12 21
58 26 10
58 33 17
58 42 29
58 74 13
59 82 26
59 91 18
59 26 8
59 48 12
59 96 13
59 69 28
59 52 17
59 24 24
59 57 16
59 81 28
59 22 21
60 45 16
60 66 15
60 20 16
60 68 10
60 90 22
60 28 13
60 93 19
60 2 23
60 67 11
60 89 8
61 95 9
61 5 11
61 33 27
61 3 27
61 83 18
61 59 6
61 40 20
61 93 22
61 72 14
61 73 15
61 96 8
62 64 22
62 21 11
62 88 9
62 55 17
62 58 15
63 0 18
63 24 26
63 56 11
63 73 27
63 80 28
64 87 29
64 66 19
64 10 7
64 56 23
64 23 27
64 19 22
64 85 27
64 36 24
65 15 11
65 99 27
65 96 13
65 20 15
65 37 8
65 0 12
65 54 18
65 80 15
65 72 17
66 69 22
66 63 19
66 45 20
66 43 24
66 13 15
66 18 18
66 98 13
66 81 23
66 36 25
66 1 22
66 16 14
66 76 13
66 44 10
67 7 5
67 52 9
67 75 9
67 88 7
67 53 8
67 35 9
67 76 17
68 54 5
68 39 27
68 58 19
68 37 13
68 42 14
68 70 25
68 13 22
68 1 27
69 84 11
69 16 25
69 41 20
69 87 23
69 88 9
70 76 12
70 32 27
70 2 14
70 10 14
70 9 16
70 69 5
70 29 24
70 24 18
71 6 28
71 50 12
71 85 21
71 5 9
71 38 7
71 78 12
71 54 27
71 11 18
71 29 28
71 99 12
72 70 12
72 64 24
72 85 25
72 93 20
72 91 28
72 54 9
72 4 8
72 97 15
72 9 5
72 80 19
73 75 12
73 50 12
73 86 19
74 13 21
74 81 29
74 41 10
74 49 11
74 67 25
74 66 6
74 46 15
74 32 27
75 66 11
75 90 22
75 18 11
75 88 8
75 27 24
76 96 20
76 3 13
76 68 23
76 75 28
76 37 15
76 42 20
76 41 16
76 30 23
76 36 25
77 4 18
77 38 6
77 98 21
77 27 15
78 21 6
78 73 5
78 35 15
78 42 18
78 36 14
79 73 28
79 32 27
79 82 9
79 6 5
80 36 6
80 8 28
80 11 11
81 80 16
81 51 23
81 18 11
81 27 28
81 10 17
81 22 24
81 17 19
81 91 20
81 9 25
82 54 12
82 13 22
82 32 16
82 30 28
82 53 26
82 45 8
82 2 24
82 80 9
83 13 23
83 86 6
83 33 12
83 14 9
83 17 5
83 84 29
83 11 11
83 95 11
84 4 26
84 47 10
84 48 16
84 73 13
84 44 24
84 53 27
84 45 12
84 9 23
84 52 12
85 28 29
85 57 25
85 58 8
85 65 12
85 35 15
85 61 26
85 70 13
86 52 12
86 55 7
86 44 29
86 80 29
86 61 23
86 34 5
86 49 5
86 3 17
86 40 9
86 16 24
86 70 5
87 93 22
87 30 21
87 95 18
87 57 28
88 34 11
88 20 20
88 5 8
88 14 24
88 13 28
88 35 17
88 16 16
89 44 8
89 83 8
89 73 23
89 62 28
89 54 9
89 26 14
89 81 21
90 50 10
90 14 19
90 68 17
90 0 8
90 93 5
90 46 22
90 48 27
91 92 12
91 21 10
91 9 28
91 54 25
92 53 27
92 88 23
92 57 6
92 93 26
92 34 13
92 55 16
92 46 28
93 70 11
93 89 13
93 17 29
93 36 15
93 57 25
93 7 15
93 0 25
93 51 22
93 66 8
93 65 10
93 10 23
93 26 21
93 78 24
94 23 24
94 85 10
94 90 17
94 63 11
94 42 21
94 29 11
95 81 27
95 51 9
95 77 10
95 8 19
95 27 18
95 63 17
96 0 19
96 67 7
96 77 15
96 52 21
96 95 16
96 33 9
96 81 25
96 82 13
96 11 15
96 6 25
97 79 15
97 65 15
97 64 21
97 87 16
97 73 5
97 9 6
97 29 23
97 44 10
97 11 16
97 39 28
97 76 18
98 30 8
98 36 7
98 66 25
98 51 10
99 26 7
99 58 11
99 85 15
99 77 15
99 33 24
99 32 17
99 49 15
99 24 8
